编号,模板文件,模板说明,字段说明,备注,额外脚本
0101,baidu/baidu_tieba_topic.py,百度贴吧指定吧主题帖爬虫模板,吧名/主贴标题/内容/作者/回复数,
0102,baidu/baidu_search_keywords.py,百度搜索关键词爬虫模板,关键词/批次号/标题/百度跳转链接/页面原始链接/广告标记/摘要,
0103,baidu/baidu_img_keywords.py,百度图片关键词爬虫模板,关键词/批次号/标题/图片百度链接/图片源链接/广告标记,
0104,baidu/baidu_tieba_details.py,百度贴吧帖子详情爬虫模板,批次号/贴子标题/贴子url/楼层/层主/层主等级/主评论ID/主评论内容/主评论时间/设备来源/子评论
0301,toscape/quote.py,ToScape样例模板,内容/作者/标签,简单试验样例
0401,weibo/weibo_homepage.py,微博首页爬虫模板,用户名/认证类型/正文内容/正文链接/发布时间/转发数/评论数/点赞数,
0402,weibo/weibo_search_keywords.py,微博搜索关键词爬虫模板,关键词/mid/用户名/认证类型/正文内容/正文链接/发布时间/设备来源/转发数/评论数/点赞数,
0501,boss/boss_jobs_list.py,直聘岗位列表,,暂停开发
0601,taobao/taobao_search_keywords.py,淘宝商品搜索模板,批次号/关键词/店铺名称/地理位置/产品名称/产品价格/付款人数/店铺链接/图片链接/商品链接/商品ID/付款人数/页码,
0701,ggzy/ggzy_search_keywords.py,公共资源网搜索关键词爬虫模板,批次号/关键词/标题/标题url/发布时间/省份/来源平台/业务类型/信息类型,
0801,wy/wy_music_free.py,网易云音乐免费歌曲下载模板,歌曲名称/歌曲作者/歌曲url/歌曲大小/歌曲格式/歌曲下载地址,wy_music_free_downloader
